1431972770.86	2.55131964809	20.6298828125
1431972847.7	2.55131964809	21.0424804688
1431972907.71	2.55131964809	20.6298828125
1431972967.72	2.55131964809	20.6298828125
1431973027.72	2.55131964809	20.6298828125
1431973087.73	2.55131964809	21.0424804688
1431973147.75	2.55131964809	20.6298828125
1431973207.76	2.55131964809	21.0424804688
1431973267.77	2.55131964809	21.0424804688
1431973327.78	2.55131964809	21.0424804688
1431973387.8	2.55131964809	21.0424804688
1431973447.81	2.55131964809	21.0424804688
1431973507.81	2.55131964809	21.0424804688
1431973567.83	2.55131964809	20.6298828125
1431973627.84	2.55131964809	21.0424804688
1431973687.85	2.55131964809	21.0424804688
1431973747.86	2.55131964809	21.0424804688
1431973807.86	2.55131964809	21.0424804688
1431973867.87	2.55131964809	21.0424804688
1431973927.88	2.55131964809	21.0424804688
1431973987.88	2.55131964809	20.6298828125
1431974047.88	2.55131964809	21.0424804688
1431974107.89	2.55131964809	20.6298828125
1431974167.89	2.55131964809	20.6298828125
1431974227.9	2.55131964809	20.6298828125
1431974287.91	2.55131964809	20.6298828125
1431974347.91	2.55131964809	20.6298828125
1431974407.92	2.55131964809	20.6298828125
1431974467.92	2.55131964809	20.6298828125
1431974527.93	2.55131964809	20.6298828125
1431974587.95	2.55131964809	20.6298828125
1431974647.96	2.55131964809	20.6298828125
1431974707.95	2.55131964809	20.6298828125
1431974767.97	2.55131964809	20.6298828125
1431974827.98	2.55131964809	20.6298828125
1431974887.98	2.55131964809	20.6298828125
1431974948.0	2.55131964809	20.6298828125
1431975008.01	2.55131964809	20.6298828125
1431975068.03	2.55131964809	20.6298828125
1431975128.06	2.55131964809	20.6298828125
1431975188.08	2.55131964809	20.6298828125
1431975248.09	2.55131964809	20.6298828125
1431975308.12	2.55131964809	20.6298828125
1431975368.13	2.55131964809	20.6298828125
1431975428.15	2.55131964809	20.6298828125
1431975488.16	2.55131964809	20.6298828125
1431975548.17	2.55131964809	20.6298828125
1431975608.19	2.55131964809	20.6298828125
1431975668.2	2.55131964809	20.6298828125
1431975728.22	2.55131964809	20.6298828125
1431975788.23	2.55131964809	20.6298828125
1431975848.24	2.55131964809	20.6298828125
1431975908.25	2.55131964809	20.6298828125
1431975968.27	2.55131964809	20.6298828125
1431976028.27	2.55131964809	20.6298828125
1431976088.29	2.55131964809	20.6298828125
1431976148.29	2.55131964809	21.0424804688
1431976208.31	2.55131964809	20.6298828125
1431976268.31	2.55131964809	21.0424804688
1431976328.33	2.55131964809	20.6298828125
1431976388.33	2.55131964809	20.6298828125
1431976448.34	2.55131964809	20.6298828125
1431976508.36	2.55131964809	20.6298828125
1431976568.36	2.55131964809	20.6298828125
1431976628.37	2.55131964809	20.6298828125
1431976688.38	2.55131964809	20.2172851562
1431976748.39	2.55131964809	20.6298828125
1431976808.41	2.55131964809	20.6298828125
1431976868.41	2.55131964809	20.6298828125
1431976928.43	2.55131964809	20.6298828125
1431976988.44	2.55131964809	20.6298828125
1431977048.44	2.55131964809	20.2172851562
1431977108.46	2.55131964809	20.6298828125
1431977168.46	2.55131964809	20.6298828125
1431977228.48	2.55131964809	20.2172851562
1431977288.49	2.55131964809	20.6298828125
1431977348.49	2.55131964809	20.6298828125
1431977408.51	2.55131964809	20.6298828125
1431977468.51	2.55131964809	20.6298828125
1431977528.53	2.55131964809	20.2172851562
1431977588.54	2.55131964809	20.2172851562
1431977648.54	2.55131964809	20.6298828125
1431977708.56	2.55131964809	20.6298828125
1431977768.57	2.55131964809	20.2172851562
1431977828.58	2.55131964809	20.2172851562
1431977888.59	2.55131964809	20.2172851562
1431977948.61	2.55131964809	20.6298828125
1431978008.61	2.55131964809	20.6298828125
1431978068.62	2.55131964809	20.2172851562
1431978128.63	2.55131964809	20.2172851562
1431978188.64	2.55131964809	20.2172851562
1431978248.66	2.55131964809	20.2172851562
1431978308.66	2.55131964809	20.2172851562
1431978368.67	2.55131964809	20.2172851562
1431978428.69	2.55131964809	20.2172851562
1431978488.69	2.55131964809	20.2172851562
1431978548.7	2.55131964809	20.2172851562
1431978608.71	2.55131964809	20.2172851562
1431978668.72	2.55131964809	20.2172851562
1431978728.72	2.55131964809	20.2172851562
1431978788.74	2.55131964809	20.2172851562
1431978848.75	2.55131964809	20.2172851562
1431978908.75	2.55131964809	20.2172851562
1431978968.77	2.55131964809	20.2172851562
1431979028.77	2.55131964809	20.2172851562
1431979088.78	2.55131964809	20.2172851562
1431979148.79	2.55131964809	20.2172851562
1431979208.8	2.55131964809	20.2172851562
1431979268.81	2.55131964809	20.2172851562
1431979328.82	2.55131964809	20.2172851562
1431979388.83	2.55131964809	20.2172851562
1431979448.85	2.55131964809	20.2172851562
1431979508.85	2.55131964809	20.2172851562
1431979568.86	2.55131964809	20.2172851562
1431979628.88	2.55131964809	20.2172851562
1431979688.88	2.55131964809	20.2172851562
1431979748.9	2.55131964809	19.8046875
1431979808.91	2.55131964809	20.2172851562
1431979868.92	2.55131964809	19.8046875
1431979928.93	2.55131964809	20.2172851562
1431979988.94	2.55131964809	20.2172851562
1431980048.95	2.55131964809	19.8046875
1431980108.96	2.55131964809	20.2172851562
1431980168.97	2.55131964809	19.8046875
1431980228.98	2.55131964809	19.8046875
1431980288.99	2.55131964809	19.8046875
1431980349.01	2.55131964809	20.2172851562
1431980409.01	2.55131964809	19.8046875
1431980469.02	2.55131964809	19.8046875
1431980529.03	2.55131964809	19.8046875
1431980589.04	2.55131964809	19.8046875
1431980649.05	2.55131964809	19.8046875
1431980709.06	2.55131964809	19.8046875
1431980769.07	2.55131964809	19.8046875
1431980829.08	2.55131964809	20.2172851562
1431980889.1	2.55131964809	19.8046875
1431980949.1	2.55131964809	19.8046875
1431981009.12	2.55131964809	19.8046875
1431981069.13	2.55131964809	19.8046875
1431981129.14	2.55131964809	19.8046875
1431981189.15	2.55131964809	19.8046875
1431981249.16	2.55131964809	19.8046875
1431981309.17	2.55131964809	19.8046875
1431981369.17	2.55131964809	19.8046875
1431981429.19	2.55131964809	19.8046875
1431981489.19	2.55131964809	20.2172851562
1431981549.21	2.55131964809	19.8046875
1431981609.22	2.55131964809	19.8046875
1431981669.23	2.55131964809	19.8046875
1431981729.24	2.55131964809	19.8046875
1431981789.24	2.55131964809	19.8046875
1431981849.26	2.55131964809	19.8046875
1431981909.26	2.55131964809	19.8046875
1431981969.28	2.55131964809	19.8046875
1431982029.29	2.55131964809	19.8046875
1431982089.3	2.55131964809	19.8046875
1431982149.32	2.55131964809	20.2172851562
1431982209.32	2.55131964809	19.8046875
1431982269.33	2.55131964809	20.2172851562
1431982329.34	2.55131964809	20.2172851562
1431982389.35	2.55131964809	19.8046875
1431982449.36	2.55131964809	19.8046875
1431982509.37	2.55131964809	19.8046875
1431982569.38	2.55131964809	19.8046875
1431982629.4	2.55131964809	19.8046875
1431982689.4	2.55131964809	19.8046875
1431982749.41	2.55131964809	19.8046875
1431982809.42	2.55131964809	19.8046875
1431982869.43	2.55131964809	19.8046875
1431982929.43	2.55131964809	20.2172851562
1431982989.45	2.55131964809	19.8046875
1431983049.46	2.55131964809	19.3920898438
1431983109.47	2.55131964809	20.2172851562
1431983169.47	2.55131964809	19.8046875
1431983229.49	2.55131964809	19.8046875
1431983289.49	2.55131964809	19.8046875
1431983349.5	2.55131964809	19.8046875
1431983409.52	2.55131964809	19.8046875
1431983469.52	2.55131964809	19.8046875
1431983529.54	2.55131964809	19.8046875
1431983589.54	2.55131964809	19.8046875
1431983649.55	2.55131964809	19.8046875
1431983709.56	2.55131964809	19.8046875
1431983769.57	2.55131964809	19.8046875
1431983829.59	2.55131964809	19.8046875
1431983889.59	2.55131964809	19.8046875
1431983949.61	2.55131964809	19.8046875
1431984009.61	2.55131964809	19.8046875
1431984069.63	2.55131964809	19.8046875
1431984129.63	2.55131964809	19.8046875
1431984189.64	2.55131964809	19.8046875
1431984249.65	2.55131964809	19.8046875
1431984309.67	2.55131964809	19.8046875
1431984369.67	2.55131964809	19.8046875
1431984429.68	2.55131964809	19.8046875
1431984489.7	2.55131964809	19.8046875
1431984549.7	2.55131964809	19.8046875
1431984609.72	2.55131964809	19.8046875
1431984669.72	2.55131964809	19.8046875
1431984729.74	2.55131964809	19.8046875
1431984789.74	2.55131964809	19.8046875
1431984849.75	2.55131964809	19.8046875
1431984909.76	2.55131964809	19.8046875
1431984969.77	2.55131964809	20.2172851562
1431985029.78	2.55131964809	19.8046875
1431985089.79	2.55131964809	19.8046875
1431985149.8	2.55131964809	19.8046875
1431985209.81	2.55131964809	19.8046875
1431985269.82	2.55131964809	19.8046875
1431985329.83	2.55131964809	19.8046875
1431985389.83	2.55131964809	19.8046875
1431985449.85	2.55131964809	19.8046875
1431985509.86	2.55131964809	19.8046875
1431985569.87	2.55131964809	19.8046875
1431985629.88	2.55131964809	19.8046875
1431985689.89	2.55131964809	19.8046875
1431985749.89	2.55131964809	19.8046875
1431985809.91	2.55131964809	19.8046875
1431985869.91	2.55131964809	19.8046875
1431985929.93	2.55131964809	20.2172851562
1431985989.93	2.55131964809	19.8046875
1431986049.95	2.55131964809	19.8046875
1431986109.96	2.55131964809	19.8046875
1431986169.97	2.55131964809	19.8046875
1431986229.98	2.55131964809	19.8046875
1431986289.99	2.55131964809	19.8046875
1431986350.0	2.55131964809	19.8046875
1431986410.01	2.55131964809	19.8046875
1431986470.02	2.55131964809	19.8046875
1431986530.03	2.55131964809	19.8046875
1431986590.04	2.55131964809	19.8046875
1431986650.06	2.55131964809	19.8046875
1431986710.06	2.55131964809	19.8046875
1431986770.07	2.55131964809	19.8046875
1431986830.08	2.55131964809	19.8046875
1431986890.09	2.55131964809	19.8046875
1431986950.1	2.55131964809	19.8046875
1431987010.12	2.55131964809	19.8046875
1431987070.12	2.55131964809	19.8046875
1431987130.13	2.55131964809	19.8046875
1431987190.14	2.55131964809	19.8046875
1431987250.15	2.55131964809	19.8046875
1431987310.16	2.55131964809	19.8046875
1431987370.17	2.55131964809	19.8046875
1431987430.18	2.55131964809	19.8046875
1431987490.18	2.55131964809	19.8046875
1431987550.2	2.55131964809	19.8046875
1431987610.2	2.55131964809	19.8046875
1431987670.22	2.55131964809	19.8046875
1431987730.22	2.55131964809	19.8046875
1431987790.24	2.55131964809	19.8046875
1431987850.24	2.55131964809	19.8046875
1431987910.26	2.55131964809	19.8046875
1431987970.26	2.55131964809	19.8046875
1431988030.28	2.55131964809	19.8046875
1431988090.28	2.55131964809	19.8046875
1431988150.3	2.55131964809	19.8046875
1431988210.31	2.55131964809	19.8046875
1431988270.32	2.55131964809	19.8046875
1431988330.32	2.55131964809	19.8046875
1431988390.34	2.55131964809	19.8046875
1431988450.34	2.55131964809	19.8046875
1431988510.36	2.55131964809	19.8046875
1431988570.37	2.55131964809	19.8046875
1431988630.38	2.55131964809	19.8046875
1431988690.4	2.55131964809	19.8046875
1431988750.4	2.55131964809	20.2172851562
1431988810.41	2.55131964809	19.8046875
1431988870.42	2.55131964809	19.8046875
1431988930.42	2.55131964809	19.8046875
1431988990.44	2.55131964809	19.8046875
1431989050.45	2.55131964809	19.8046875
1431989110.46	2.55131964809	19.8046875
1431989170.47	2.55131964809	19.8046875
1431989230.48	2.55131964809	19.8046875
1431989290.49	2.55131964809	19.8046875
1431989350.5	2.55131964809	19.8046875
1431989410.51	2.55131964809	19.8046875
1431989470.52	2.55131964809	19.8046875
1431989530.53	2.55131964809	19.8046875
1431989590.55	2.55131964809	19.8046875
1431989650.55	2.55131964809	19.8046875
1431989710.56	2.55131964809	19.8046875
1431989770.57	2.55131964809	19.8046875
1431989830.57	2.55131964809	19.8046875
1431989890.59	2.55131964809	19.8046875
1431989950.59	2.55131964809	19.8046875
1431990010.61	2.55131964809	19.8046875
1431990070.62	2.55131964809	19.8046875
1431990130.63	2.55131964809	19.8046875
1431990190.64	2.55131964809	19.8046875
1431990250.65	2.55131964809	19.8046875
1431990310.66	2.55131964809	19.8046875
1431990370.67	2.55131964809	19.8046875
1431990430.68	2.55131964809	19.8046875
1431990490.68	2.55131964809	19.8046875
1431990550.7	2.55131964809	19.8046875
1431990610.71	2.55131964809	19.8046875
1431990670.71	2.55131964809	19.3920898438
1431990730.72	2.55131964809	19.8046875
1431990790.74	2.55131964809	19.8046875
1431990850.75	2.55131964809	19.8046875
1431990910.76	2.55131964809	19.8046875
1431990970.77	2.55131964809	19.8046875
1431991030.78	2.55131964809	19.8046875
1431991090.78	2.55131964809	19.8046875
1431991150.8	2.55131964809	19.8046875
1431991210.81	2.55131964809	19.8046875
1431991270.82	2.55131964809	19.8046875
1431991330.83	2.55131964809	19.8046875
1431991390.83	2.55131964809	19.8046875
1431991450.85	2.55131964809	19.8046875
1431991510.85	2.55131964809	19.8046875
1431991570.87	2.55131964809	19.8046875
1431991630.87	2.55131964809	19.8046875
1431991690.88	2.55131964809	19.8046875
1431991750.89	2.55131964809	19.8046875
1431991810.9	2.55131964809	19.8046875
1431991870.91	2.55131964809	19.8046875
1431991930.92	2.55131964809	19.8046875
1431991990.93	2.55131964809	19.8046875
1431992050.95	2.55131964809	19.8046875
1431992110.95	2.55131964809	19.8046875
1431992170.97	2.55131964809	19.8046875
1431992230.97	2.55131964809	19.8046875
1431992290.98	2.55131964809	19.8046875
1431992350.99	2.55131964809	19.8046875
1431992411.0	2.55131964809	19.8046875
1431992471.01	2.55131964809	19.8046875
1431992531.02	2.55131964809	19.8046875
1431992591.03	2.55131964809	19.8046875
1431992651.04	2.55131964809	19.8046875
1431992711.05	2.55131964809	19.8046875
1431992771.06	2.55131964809	19.8046875
1431992831.08	2.55131964809	19.8046875
1431992891.08	2.55131964809	19.8046875
1431992951.09	2.55131964809	19.8046875
1431993011.1	2.55131964809	19.8046875
1431993071.11	2.55131964809	19.8046875
1431993131.12	2.55131964809	19.8046875
1431993191.13	2.55131964809	19.8046875
1431993251.14	2.55131964809	19.8046875
1431993311.15	2.55131964809	19.8046875
1431993371.16	2.55131964809	19.8046875
1431993431.18	2.55131964809	19.8046875
1431993491.18	2.55131964809	19.8046875
1431993551.19	2.55131964809	19.8046875
1431993611.2	2.55131964809	19.8046875
1431993671.21	2.55131964809	19.8046875
1431993731.22	2.55131964809	19.8046875
1431993791.23	2.55131964809	19.8046875
1431993851.24	2.55131964809	19.3920898438
1431993911.25	2.55131964809	19.8046875
1431993971.26	2.55131964809	19.8046875
1431994031.27	2.55131964809	19.8046875
1431994091.28	2.55131964809	19.3920898438
1431994151.29	2.55131964809	19.8046875
1431994211.29	2.55131964809	19.3920898438
1431994271.31	2.55131964809	19.3920898438
1431994331.32	2.55131964809	19.8046875
1431994391.33	2.55131964809	19.8046875
1431994451.34	2.55131964809	19.8046875
1431994511.35	2.55131964809	19.8046875
1431994571.36	2.55131964809	19.8046875
1431994631.37	2.55131964809	19.8046875
1431994691.38	2.55131964809	19.8046875
1431994751.4	2.55131964809	19.8046875
1431994811.4	2.55131964809	19.8046875
1431994871.42	2.55131964809	19.3920898438
1431994931.42	2.55131964809	19.8046875
1431994991.43	2.55131964809	19.8046875
1431995051.44	2.55131964809	19.3920898438
1431995111.46	2.55131964809	19.3920898438
1431995171.46	2.55131964809	19.8046875
1431995231.47	2.55131964809	19.3920898438
1431995291.49	2.55131964809	19.8046875
1431995351.49	2.55131964809	19.8046875
1431995411.5	2.55131964809	19.8046875
1431995471.5	2.55131964809	19.3920898438
1431995531.52	2.55131964809	19.8046875
1431995591.53	2.55131964809	19.8046875
1431995651.54	2.55131964809	19.8046875
1431995711.55	2.55131964809	19.8046875
1431995771.56	2.55131964809	19.8046875
1431995831.57	2.55131964809	19.8046875
1431995891.58	2.55131964809	19.8046875
1431995951.59	2.55131964809	19.3920898438
1431996011.6	2.55131964809	19.8046875
1431996071.6	2.55131964809	19.8046875
1431996131.62	2.55131964809	19.8046875
1431996191.64	2.55131964809	19.3920898438
1431996251.64	2.55131964809	19.3920898438
1431996311.65	2.55131964809	19.3920898438
1431996371.67	2.55131964809	19.3920898438
1431996431.67	2.55131964809	19.8046875
1431996491.69	2.55131964809	19.8046875
1431996551.69	2.55131964809	19.3920898438
1431996611.7	2.55131964809	19.3920898438
1431996671.71	2.55131964809	19.8046875
1431996731.72	2.55131964809	19.8046875
1431996791.74	2.55131964809	19.8046875
1431996851.74	2.55131964809	19.8046875
1431996911.76	2.55131964809	19.8046875
1431996971.76	2.55131964809	19.8046875
1431997031.78	2.55131964809	19.8046875
1431997091.79	2.55131964809	19.3920898438
1431997151.8	2.55131964809	19.8046875
1431997211.82	2.55131964809	19.3920898438
1431997271.82	2.55131964809	19.3920898438
1431997331.83	2.55131964809	19.8046875
1431997391.84	2.55131964809	19.8046875
1431997451.85	2.55131964809	19.8046875
1431997511.86	2.55131964809	19.8046875
1431997571.88	2.55131964809	19.8046875
1431997631.88	2.55131964809	19.8046875
1431997691.9	2.55131964809	19.8046875
1431997751.9	2.55131964809	19.3920898438
1431997811.92	2.55131964809	19.8046875
1431997871.93	2.55131964809	19.8046875
1431997931.94	2.55131964809	19.8046875
1431997991.95	2.55131964809	19.8046875
1431998051.96	2.55131964809	19.3920898438
1431998111.98	2.55131964809	19.3920898438
1431998171.98	2.55131964809	19.8046875
1431998231.99	2.55131964809	19.3920898438
1431998292.0	2.55131964809	19.8046875
1431998352.02	2.55131964809	19.8046875
1431998412.02	2.55131964809	19.8046875
1431998472.03	2.55131964809	19.8046875
1431998532.04	2.55131964809	19.3920898438
1431998592.05	2.55131964809	19.8046875
1431998652.07	2.55131964809	19.8046875
1431998712.07	2.55131964809	19.8046875
1431998772.09	2.55131964809	19.8046875
1431998832.09	2.55131964809	19.8046875
1431998892.1	2.55131964809	19.8046875
1431998952.12	2.55131964809	19.8046875
1431999012.12	2.55131964809	19.3920898438
1431999072.14	2.55131964809	19.8046875
1431999132.15	2.55131964809	19.8046875
1431999192.16	2.55131964809	19.3920898438
1431999252.17	2.55131964809	19.8046875
1431999312.18	2.55131964809	19.3920898438
1431999372.19	2.55131964809	19.8046875
1431999432.2	2.55131964809	19.8046875
1431999492.21	2.55131964809	19.3920898438
1431999552.22	2.55131964809	19.8046875
1431999612.23	2.55131964809	19.8046875
1431999672.24	2.55131964809	19.8046875
1431999732.25	2.55131964809	19.3920898438
1431999792.26	2.55131964809	19.3920898438
1431999852.28	2.55131964809	19.8046875
1431999912.28	2.55131964809	19.8046875
1431999972.29	2.55131964809	19.8046875
1432000032.31	2.55131964809	19.3920898438
1432000092.31	2.55131964809	19.3920898438
1432000152.33	2.55131964809	19.3920898438
1432000212.34	2.55131964809	19.8046875
1432000272.34	2.55131964809	19.3920898438
1432000332.36	2.55131964809	19.3920898438
1432000392.37	2.55131964809	19.8046875
1432000452.38	2.55131964809	19.3920898438
1432000512.39	2.55131964809	19.8046875
1432000572.41	2.55131964809	19.8046875
1432000632.41	2.55131964809	19.8046875
1432000692.42	2.55131964809	19.3920898438
1432000752.43	2.55131964809	19.8046875
1432000812.43	2.55131964809	19.8046875
1432000872.45	2.55131964809	19.8046875
1432000932.46	2.55131964809	19.8046875
1432000992.47	2.55131964809	19.8046875
1432001052.48	2.55131964809	19.8046875
1432001112.48	2.55131964809	19.8046875
1432001172.49	2.55131964809	19.3920898438
1432001232.51	2.55131964809	19.8046875
1432001292.52	2.55131964809	19.8046875
1432001352.52	2.55131964809	19.8046875
1432001412.54	2.55131964809	19.8046875
1432001472.55	2.55131964809	19.3920898438
1432001532.56	2.55131964809	19.3920898438
1432001592.57	2.55131964809	19.3920898438
1432001652.58	2.55131964809	19.3920898438
1432001712.58	2.55131964809	19.3920898438
1432001772.6	2.55131964809	19.8046875
1432001832.61	2.55131964809	19.8046875
1432001892.62	2.55131964809	19.3920898438
1432001952.63	2.55131964809	19.8046875
1432002012.64	2.55131964809	19.8046875
1432002072.66	2.55131964809	19.8046875
1432002132.66	2.55131964809	19.8046875
1432002192.67	2.55131964809	19.8046875
1432002252.69	2.55131964809	19.3920898438
1432002312.7	2.55131964809	19.8046875
1432002372.71	2.55131964809	19.3920898438
1432002432.71	2.55131964809	19.8046875
1432002492.72	2.55131964809	19.8046875
1432002552.73	2.55131964809	19.8046875
1432002612.75	2.55131964809	19.8046875
1432002672.75	2.55131964809	19.3920898438
1432002732.76	2.55131964809	19.3920898438
1432002792.77	2.55131964809	19.8046875
1432002852.78	2.55131964809	19.3920898438
1432002912.79	2.55131964809	19.8046875
1432002972.81	2.55131964809	19.8046875
1432003032.81	2.55131964809	19.8046875
1432003092.82	2.55131964809	19.8046875
1432003152.83	2.55131964809	19.3920898438
1432003212.84	2.55131964809	19.8046875
1432003272.85	2.55131964809	19.3920898438
1432003332.86	2.55131964809	19.3920898438
1432003392.87	2.55131964809	19.8046875
1432003452.88	2.55131964809	19.3920898438
1432003512.88	2.55131964809	19.8046875
1432003572.9	2.55131964809	19.8046875
1432003632.9	2.55131964809	19.8046875
1432003692.91	2.55131964809	19.3920898438
1432003752.93	2.55131964809	19.3920898438
1432003812.93	2.55131964809	19.3920898438
1432003872.95	2.55131964809	19.8046875
1432003932.96	2.55131964809	19.3920898438
1432003992.96	2.55131964809	19.3920898438
1432004052.97	2.55131964809	19.3920898438
1432004112.98	2.55131964809	19.8046875
1432004172.99	2.55131964809	19.8046875
1432004233.0	2.55131964809	19.8046875
1432004293.01	2.55131964809	19.3920898438
1432004353.03	2.55131964809	19.3920898438
1432004413.03	2.55131964809	19.3920898438
1432004473.04	2.55131964809	19.8046875
1432004533.05	2.55131964809	19.8046875
1432004593.06	2.55131964809	19.3920898438
1432004653.07	2.55131964809	19.8046875
1432004713.08	2.55131964809	19.3920898438
1432004773.09	2.55131964809	19.3920898438
1432004833.1	2.55131964809	19.8046875
1432004893.11	2.55131964809	19.8046875
1432004953.13	2.55131964809	19.8046875
1432005013.13	2.55131964809	19.8046875
1432005073.15	2.55131964809	19.3920898438
1432005133.16	2.55131964809	19.3920898438
1432005193.16	2.55131964809	19.8046875
1432005253.18	2.55131964809	19.3920898438
1432005313.19	2.55131964809	19.3920898438
1432005373.19	2.55131964809	19.8046875
1432005433.21	2.55131964809	19.8046875
1432005493.22	2.55131964809	19.3920898438
1432005553.22	2.55131964809	19.8046875
1432005613.23	2.55131964809	19.8046875
1432005673.25	2.55131964809	19.8046875
1432005733.25	2.55131964809	19.8046875
1432005793.26	2.55131964809	19.3920898438
1432005853.27	2.55131964809	19.8046875
1432005913.28	2.55131964809	19.3920898438
1432005973.3	2.55131964809	19.3920898438
1432006033.31	2.55131964809	19.3920898438
1432006093.31	2.55131964809	19.3920898438
1432006153.33	2.55131964809	19.8046875
1432006213.34	2.55131964809	19.3920898438
1432006273.35	2.55131964809	19.3920898438
1432006333.37	2.55131964809	19.8046875
1432006393.37	2.55131964809	19.8046875
1432006453.38	2.55131964809	19.8046875
1432006513.39	2.55131964809	19.3920898438
1432006573.4	2.55131964809	19.8046875
1432006633.41	2.55131964809	19.8046875
1432006693.43	2.55131964809	19.3920898438
1432006753.44	2.55131964809	19.8046875
1432006813.44	2.55131964809	19.8046875
1432006873.46	2.55131964809	19.3920898438
1432006933.46	2.55131964809	19.3920898438
1432006993.48	2.55131964809	19.8046875
1432007053.48	2.55131964809	19.3920898438
1432007113.5	2.55131964809	19.8046875
1432007173.51	2.55131964809	19.8046875
1432007233.52	2.55131964809	19.3920898438
1432007293.53	2.55131964809	19.3920898438
1432007353.54	2.55131964809	19.8046875
1432007413.55	2.55131964809	19.3920898438
1432007473.56	2.55131964809	19.3920898438
1432007533.58	2.55131964809	19.3920898438
1432007593.58	2.55131964809	19.8046875
1432007653.59	2.55131964809	19.8046875
1432007713.6	2.55131964809	19.3920898438
1432007773.61	2.55131964809	19.8046875
1432007833.62	2.55131964809	19.8046875
1432007893.63	2.55131964809	19.3920898438
1432007953.64	2.55131964809	19.8046875
1432008013.65	2.55131964809	19.8046875
1432008073.66	2.55131964809	19.8046875
1432008133.68	2.55131964809	19.8046875
1432008193.69	2.55131964809	19.8046875
1432008253.7	2.55131964809	19.8046875
1432008313.7	2.55131964809	19.3920898438
1432008373.72	2.55131964809	19.8046875
1432008433.73	2.55131964809	19.3920898438
1432008493.74	2.55131964809	19.3920898438
1432008553.74	2.55131964809	19.3920898438
1432008613.76	2.55131964809	19.8046875
1432008673.77	2.55131964809	19.8046875
1432008733.77	2.55131964809	19.8046875
1432008793.78	2.55131964809	19.8046875
1432008853.8	2.55131964809	19.3920898438
1432008913.81	2.55131964809	19.8046875
1432008973.81	2.55131964809	19.8046875
1432009033.82	2.55131964809	19.8046875
1432009093.84	2.55131964809	19.8046875
1432009153.85	2.55131964809	19.8046875
1432009213.85	2.55131964809	19.8046875
1432009273.87	2.55131964809	19.3920898438
1432009333.87	2.55131964809	19.8046875
1432009393.89	2.55131964809	19.8046875
1432009453.9	2.55131964809	19.8046875
1432009513.9	2.55131964809	19.3920898438
1432009573.91	2.55131964809	19.8046875
1432009633.92	2.55131964809	19.3920898438
1432009693.93	2.55131964809	19.3920898438
1432009753.94	2.55131964809	19.8046875
1432009813.95	2.55131964809	19.8046875
1432009873.96	2.55131964809	19.8046875
1432009933.96	2.55131964809	19.3920898438
1432009993.98	2.55131964809	19.3920898438
1432010053.98	2.55131964809	19.3920898438
1432010114.0	2.55131964809	19.8046875
1432010174.01	2.55131964809	19.3920898438
1432010234.01	2.55131964809	19.8046875
1432010294.03	2.55131964809	19.3920898438
1432010354.04	2.55131964809	19.8046875
1432010414.05	2.55131964809	19.3920898438
1432010474.05	2.55131964809	19.3920898438
1432010534.06	2.55131964809	19.8046875
1432010594.08	2.55131964809	19.8046875
1432010654.09	2.55131964809	19.3920898438
1432010714.1	2.55131964809	19.8046875
1432010774.11	2.55131964809	19.8046875
1432010834.12	2.55131964809	19.8046875
1432010894.13	2.55131964809	19.3920898438
1432010954.14	2.55131964809	19.8046875
1432011014.16	2.55131964809	19.8046875
1432011074.16	2.55131964809	19.3920898438
1432011134.17	2.55131964809	19.3920898438
1432011194.18	2.55131964809	19.3920898438
1432011254.19	2.55131964809	19.8046875
1432011314.21	2.55131964809	19.3920898438
1432011374.21	2.55131964809	19.8046875
1432011434.21	2.55131964809	19.8046875
1432011494.23	2.55131964809	19.3920898438
1432011554.24	2.55131964809	19.3920898438
1432011614.25	2.55131964809	19.3920898438
1432011674.27	2.55131964809	19.8046875
1432011734.27	2.55131964809	19.3920898438
1432011794.29	2.55131964809	19.8046875
1432011854.29	2.55131964809	19.3920898438
1432011914.3	2.55131964809	19.3920898438
1432011974.32	2.55131964809	19.8046875
1432012034.32	2.55131964809	19.8046875
1432012094.34	2.55131964809	19.8046875
1432012154.35	2.55131964809	19.8046875
1432012214.36	2.55131964809	19.8046875
1432012274.37	2.55131964809	19.8046875
1432012334.38	2.55131964809	19.3920898438
1432012394.39	2.55131964809	19.3920898438
1432012454.41	2.55131964809	19.3920898438
1432012514.41	2.55131964809	19.3920898438
1432012574.42	2.55131964809	19.8046875
1432012634.43	2.55131964809	19.3920898438
1432012694.45	2.55131964809	19.3920898438
1432012754.45	2.55131964809	19.3920898438
1432012814.47	2.55131964809	19.3920898438
1432012874.48	2.55131964809	19.8046875
1432012934.49	2.55131964809	19.8046875
1432012994.5	2.55131964809	19.8046875
1432013054.51	2.55131964809	19.8046875
1432013114.52	2.55131964809	19.3920898438
1432013174.53	2.55131964809	19.3920898438
1432013234.53	2.55131964809	19.3920898438
1432013294.54	2.55131964809	19.8046875
1432013354.56	2.55131964809	19.8046875
1432013414.56	2.55131964809	19.8046875
1432013474.58	2.55131964809	19.8046875
1432013534.59	2.55131964809	19.3920898438
1432013594.59	2.55131964809	19.8046875
1432013654.61	2.55131964809	19.8046875
1432013714.62	2.55131964809	19.3920898438
1432013774.62	2.55131964809	19.8046875
1432013834.64	2.55131964809	19.8046875
1432013894.64	2.55131964809	19.3920898438
1432013954.66	2.55131964809	19.3920898438
1432014014.68	2.55131964809	19.3920898438
1432014074.69	2.55131964809	19.3920898438
1432014134.69	2.55131964809	19.8046875
1432014194.7	2.55131964809	19.3920898438
1432014254.71	2.55131964809	19.8046875
1432014314.72	2.55131964809	19.3920898438
1432014374.73	2.55131964809	19.8046875
1432014434.74	2.55131964809	19.8046875
1432014494.75	2.55131964809	19.8046875
1432014554.77	2.55131964809	19.3920898438
1432014614.78	2.55131964809	19.8046875
1432014674.79	2.55131964809	19.3920898438
1432014734.79	2.55131964809	19.8046875
1432014794.81	2.55131964809	19.3920898438
1432014854.81	2.55131964809	19.8046875
1432014914.83	2.55131964809	19.3920898438
1432014974.84	2.55131964809	19.8046875
1432015034.85	2.55131964809	19.8046875
1432015094.86	2.55131964809	19.3920898438
1432015154.87	2.55131964809	19.8046875
1432015214.88	2.55131964809	19.3920898438
1432015274.89	2.55131964809	19.8046875
1432015334.89	2.55131964809	19.3920898438
1432015394.91	2.55131964809	19.8046875
1432015454.91	2.55131964809	19.8046875
1432015514.93	2.55131964809	19.8046875
1432015574.93	2.55131964809	19.8046875
1432015634.95	2.55131964809	19.8046875
1432015694.96	2.55131964809	19.8046875
1432015754.98	2.55131964809	19.8046875
1432015814.98	2.55131964809	19.8046875
1432015875.0	2.55131964809	19.8046875
1432015935.0	2.55131964809	19.8046875
1432015995.02	2.55131964809	19.3920898438
1432016055.03	2.55131964809	19.8046875
1432016115.04	2.55131964809	19.3920898438
1432016175.05	2.55131964809	19.8046875
1432016235.06	2.55131964809	19.8046875
1432016295.06	2.55131964809	19.8046875
1432016355.08	2.55131964809	19.8046875
1432016415.08	2.55131964809	19.8046875
1432016475.1	2.55131964809	19.8046875
1432016535.11	2.55131964809	19.8046875
1432016595.11	2.55131964809	19.8046875
1432016655.13	2.55131964809	19.3920898438
1432016715.13	2.55131964809	19.3920898438
1432016775.14	2.55131964809	19.8046875
1432016835.15	2.55131964809	19.8046875
1432016895.17	2.55131964809	19.8046875
1432016955.17	2.55131964809	19.3920898438
1432017015.18	2.55131964809	19.8046875
1432017075.19	2.55131964809	19.8046875
1432017135.2	2.55131964809	19.8046875
1432017195.21	2.55131964809	19.8046875
1432017255.22	2.55131964809	19.3920898438
1432017315.23	2.55131964809	19.8046875
1432017375.24	2.55131964809	19.8046875
1432017435.25	2.55131964809	19.3920898438
1432017495.26	2.55131964809	19.8046875
1432017555.27	2.55131964809	19.8046875
1432017615.28	2.55131964809	19.3920898438
1432017675.29	2.55131964809	19.8046875
1432017735.3	2.55131964809	19.3920898438
1432017795.32	2.55131964809	19.8046875
1432017855.32	2.55131964809	19.8046875
1432017915.34	2.55131964809	19.8046875
1432017975.35	2.55131964809	19.8046875
1432018035.35	2.55131964809	19.8046875
1432018095.37	2.55131964809	19.8046875
1432018155.37	2.55131964809	19.8046875
1432018215.38	2.55131964809	19.8046875
1432018275.4	2.55131964809	19.8046875
1432018335.4	2.55131964809	19.3920898438
1432018395.41	2.55131964809	19.8046875
1432018455.43	2.55131964809	19.8046875
1432018515.44	2.55131964809	19.3920898438
1432018575.45	2.55131964809	19.8046875
1432018635.46	2.55131964809	19.3920898438
1432018695.47	2.55131964809	19.8046875
1432018755.48	2.55131964809	19.3920898438
1432018815.48	2.55131964809	19.8046875
1432018875.5	2.55131964809	19.8046875
1432018935.51	2.55131964809	19.3920898438
1432018995.52	2.55131964809	19.8046875
1432019055.53	2.55131964809	19.8046875
1432019115.54	2.55131964809	19.8046875
1432019175.55	2.55131964809	19.8046875
1432019235.56	2.55131964809	19.8046875
1432019295.56	2.55131964809	19.8046875
1432019355.58	2.55131964809	19.3920898438
1432019415.59	2.55131964809	19.8046875
1432019475.59	2.55131964809	19.3920898438
1432019535.61	2.55131964809	19.3920898438
1432019595.61	2.55131964809	19.8046875
1432019655.63	2.55131964809	19.8046875
1432019715.64	2.55131964809	19.8046875
1432019775.65	2.55131964809	19.8046875
1432019835.66	2.55131964809	19.3920898438
1432019895.67	2.55131964809	19.8046875
1432019955.68	2.55131964809	19.8046875
1432020015.69	2.55131964809	19.8046875
1432020075.7	2.55131964809	19.8046875
1432020135.71	2.55131964809	19.3920898438
1432020195.72	2.55131964809	19.3920898438
1432020255.73	2.55131964809	19.3920898438
1432020315.73	2.55131964809	19.8046875
1432020375.75	2.55131964809	20.2172851562
1432020435.76	2.55131964809	19.8046875
1432020495.77	2.55131964809	19.3920898438
1432020555.78	2.55131964809	19.8046875
1432020615.78	2.55131964809	19.3920898438
1432020675.79	2.55131964809	19.8046875
1432020735.8	2.55131964809	19.8046875
1432020795.82	2.55131964809	19.3920898438
1432020855.83	2.55131964809	19.3920898438
1432020915.83	2.55131964809	19.8046875
1432020975.85	2.55131964809	19.3920898438
1432021035.86	2.55131964809	19.3920898438
1432021095.87	2.55131964809	19.8046875
1432021155.87	2.55131964809	19.8046875
1432021215.88	2.55131964809	19.8046875
1432021275.89	2.55131964809	19.8046875
1432021335.9	2.55131964809	19.3920898438
1432021395.91	2.55131964809	19.3920898438
1432021455.92	2.55131964809	19.3920898438
1432021515.94	2.55131964809	19.8046875
1432021575.94	2.55131964809	19.8046875
1432021635.95	2.55131964809	19.8046875
1432021695.96	2.55131964809	19.8046875
1432021755.97	2.55131964809	19.3920898438
1432021815.98	2.55131964809	19.3920898438
1432021875.99	2.55131964809	19.3920898438
1432021936.0	2.55131964809	19.8046875
1432021996.01	2.55131964809	19.3920898438
1432022056.02	2.55131964809	19.3920898438
1432022116.04	2.55131964809	19.3920898438
1432022176.04	2.55131964809	19.8046875
1432022236.06	2.55131964809	19.8046875
1432022296.06	2.55131964809	19.3920898438
1432022356.07	2.55131964809	19.3920898438
1432022416.09	2.55131964809	19.8046875
1432022476.09	2.55131964809	19.8046875
1432022536.11	2.55131964809	19.3920898438
1432022596.11	2.55131964809	19.3920898438
1432022656.13	2.55131964809	19.3920898438
1432022716.14	2.55131964809	19.3920898438
1432022776.15	2.55131964809	19.8046875
1432022836.16	2.55131964809	19.3920898438
1432022896.17	2.55131964809	19.3920898438
1432022956.18	2.55131964809	19.3920898438
1432023016.18	2.55131964809	19.8046875
1432023076.2	2.55131964809	19.8046875
1432023136.2	2.55131964809	19.3920898438
1432023196.22	2.55131964809	19.3920898438
1432023256.22	2.55131964809	19.8046875
1432023316.23	2.55131964809	19.3920898438
1432023376.25	2.55131964809	19.3920898438
1432023436.25	2.55131964809	19.8046875
1432023496.27	2.55131964809	19.8046875
1432023556.28	2.55131964809	19.3920898438
1432023616.28	2.55131964809	19.3920898438
1432023676.3	2.55131964809	19.8046875
1432023736.31	2.55131964809	19.8046875
1432023796.33	2.55131964809	19.8046875
1432023856.33	2.55131964809	19.8046875
1432023916.34	2.55131964809	19.3920898438
1432023976.36	2.55131964809	19.8046875
1432024036.36	2.55131964809	19.8046875
1432024096.37	2.55131964809	19.3920898438
1432024156.39	2.55131964809	19.8046875
1432024216.39	2.55131964809	19.3920898438
